key: 
c sat-nothree-allodd 3 3 4
c file created by SAT-TO-DIMACS Tue Aug 18 20:39:48 2020
c B2.4 -> 68
c B2.3 -> 67
c B2.2 -> 66
c B2.1 -> 65
c B3.4 -> 64
c B3.3 -> 63
c B3.2 -> 62
c B3.1 -> 61
c B4.3 -> 60
c B4.2 -> 59
c B4.1 -> 58
c B5.2 -> 57
c B5.1 -> 56
c B6.2 -> 55
c B6.1 -> 54
c B7.2 -> 53
c B7.1 -> 52
c B8.2 -> 51
c B8.1 -> 50
c 4D1' -> 49
c 4D1 -> 48
c 3D2' -> 47
c 3D1' -> 46
c 3D2 -> 45
c 3D1 -> 44
c 2D1' -> 43
c 2D1 -> 42
c 4A1' -> 41
c 4A1 -> 40
c 3A2' -> 39
c 3A1' -> 38
c 3A2 -> 37
c 3A1 -> 36
c 2A1' -> 35
c 2A1 -> 34
c 3C2' -> 33
c 3C1' -> 32
c 3C2 -> 31
c 3C1 -> 30
c 2C2' -> 29
c 2C1' -> 28
c 2C2 -> 27
c 2C1 -> 26
c 1C2' -> 25
c 1C1' -> 24
c 1C2 -> 23
c 1C1 -> 22
c 3.2 -> 21
c 3.1 -> 20
c 3.3 -> 19
c 3R2' -> 18
c 3R1' -> 17
c 3R2 -> 16
c 3R1 -> 15
c 2.2 -> 14
c 2.1 -> 13
c 2.3 -> 12
c 2R2' -> 11
c 2R1' -> 10
c 2R2 -> 9
c 2R1 -> 8
c 1.2 -> 7
c 1.1 -> 6
c 1.3 -> 5
c 1R2' -> 4
c 1R1' -> 3
c 1R2 -> 2
c 1R1 -> 1
p cnf 68 178
 -21 0
 -12 0
 -14 0
 -13 0
 -7 0
 -61 -68 0
 -62 -67 0
 -63 -66 0
 -64 -65 0
 -57 -60 0
 68 -56 -60 0
 67 -60 0
 68 -57 -59 0
 67 -56 -59 0
 66 -59 0
 67 -57 -58 0
 66 -56 -58 0
 65 -58 0
 66 -57 0
 65 -56 0
 64 -53 -55 0
 63 -52 -55 0
 62 -55 0
 63 -53 -54 0
 62 -52 -54 0
 61 -54 0
 62 -53 0
 61 -52 0
 60 -6 -51 0
 59 -51 0
 59 -6 -50 0
 58 -50 0
 58 -6 0
 57 -5 -7 0
 56 -7 0
 56 -5 0
 55 -14 -13 0
 54 -13 0
 54 -14 0
 53 -20 -12 0
 52 -12 0
 52 -20 0
 51 -19 -21 0
 50 -21 0
 50 -19 0
 47 33 18 19 0
 49 41 29 18 21 0
 39 25 18 20 0
 43 41 33 11 12 0
 47 39 29 11 14 0
 49 35 25 11 13 0
 39 33 4 5 0
 43 35 29 4 7 0
 47 25 4 6 0
 21 -49 0
 48 -49 0
 49 -48 -21 0
 13 -48 0
 48 -13 0
 46 19 -47 0
 45 -47 0
 47 -45 -19 0
 44 14 -45 0
 45 -14 0
 14 -46 0
 44 -46 0
 46 -44 -14 0
 6 -44 0
 44 -6 0
 -46 -19 0
 47 -46 0
 45 -44 0
 12 -43 0
 42 -43 0
 43 -42 -12 0
 7 -42 0
 42 -7 0
 21 -41 0
 40 -41 0
 41 -40 -21 0
 12 -40 0
 40 -12 0
 38 20 -39 0
 37 -39 0
 39 -37 -20 0
 36 14 -37 0
 37 -14 0
 14 -38 0
 36 -38 0
 38 -36 -14 0
 5 -36 0
 36 -5 0
 -38 -20 0
 39 -38 0
 37 -36 0
 13 -35 0
 34 -35 0
 35 -34 -13 0
 7 -34 0
 34 -7 0
 32 19 -33 0
 31 -33 0
 33 -31 -19 0
 30 12 -31 0
 31 -12 0
 12 -32 0
 30 -32 0
 32 -30 -12 0
 5 -30 0
 30 -5 0
 -32 -19 0
 33 -32 0
 31 -30 0
 28 21 -29 0
 27 -29 0
 29 -27 -21 0
 26 14 -27 0
 27 -14 0
 14 -28 0
 26 -28 0
 28 -26 -14 0
 7 -26 0
 26 -7 0
 -28 -21 0
 29 -28 0
 27 -26 0
 24 20 -25 0
 23 -25 0
 25 -23 -20 0
 22 13 -23 0
 23 -13 0
 13 -24 0
 22 -24 0
 24 -22 -13 0
 6 -22 0
 22 -6 0
 -24 -20 0
 25 -24 0
 23 -22 0
 17 19 -18 0
 16 -18 0
 18 -16 -19 0
 15 21 -16 0
 16 -21 0
 21 -17 0
 15 -17 0
 17 -15 -21 0
 20 -15 0
 15 -20 0
 -17 -19 0
 18 -17 0
 16 -15 0
 10 12 -11 0
 9 -11 0
 11 -9 -12 0
 8 14 -9 0
 9 -14 0
 14 -10 0
 8 -10 0
 10 -8 -14 0
 13 -8 0
 8 -13 0
 -10 -12 0
 11 -10 0
 9 -8 0
 3 5 -4 0
 2 -4 0
 4 -2 -5 0
 1 7 -2 0
 2 -7 0
 7 -3 0
 1 -3 0
 3 -1 -7 0
 6 -1 0
 1 -6 0
 -3 -5 0
 4 -3 0
 2 -1 0

resultdimacs: 
1 2 -3 4 5 6 -7 -8 -9 -10 -11 -12 -13 -14 15 16 -17 18 19 20 -21 22 23 -24 25 -26 -27 -28 -29 30 31 -32 33 -34 -35 36 37 -38 39 -40 -41 -42 -43 44 45 -46 47 -48 -49 50 -51 52 -53 -54 -55 56 -57 58 59 -60 61 -62 -63 -64 65 66 67 -68 0
